1,27.7092,4.0555,112.374
2,-93.5324,4.0564,-379.405
3,81.7199,4.0579,331.611
4,7.7327,4.06,31.3948
5,-37.991,4.0627,-154.346
6,12.1359,4.06599,49.3446
7,-1.72671,4.06988,-7.02749
8,4.12594,4.07436,16.8106
9,-6.0566,4.07943,-24.7075
10,13.0667,4.08509,53.3786
11,-33.2663,4.09132,-136.103
12,44.1256,4.09814,180.833
13,-40.0014,4.10553,-164.227
14,42.1019,4.11349,173.186
15,-26.8723,4.12202,-110.768
16,4.77891,4.13111,19.7422
17,-3.64408,4.14075,-15.0892
18,11.6436,4.15094,48.3318
19,-11.092,4.16168,-46.1615
20,4.3286,4.17295,18.0631
21,-3.11275,4.18475,-13.0261
22,9.48078,4.19708,39.7916
23,-32.0005,4.20992,-134.72
24,43.5684,4.22326,184.001
25,-26.9222,4.23711,-114.072
26,13.5687,4.25145,57.6864
27,-27.9308,4.26627,-119.16
28,52.9484,4.28156,226.702
29,-41.9402,4.29732,-180.23
30,12.1927,4.31353,52.5937
31,2.01325,4.33019,8.71775
32,-7.73955,4.34728,-33.646
33,7.79659,4.3648,34.0305
34,-3.05634,4.38273,-13.3951
35,-3.46684,4.40106,-15.2578
36,8.01509,4.41979,35.425
37,-8.58257,4.4389,-38.0972
38,4.48571,4.45838,19.999
39,0.119543,4.47821,0.535337
40,-3.55412,4.4984,-15.9878
41,-8.46895,4.51891,-38.2704
42,24.8999,4.53975,113.039
43,-7.19194,4.56089,-32.8017
44,-11.9605,4.58234,-54.8071
45,6.56525,4.60406,30.2268
46,-5.21649,4.62606,-24.1318
47,10.2671,4.64831,47.7248
48,-9.41342,4.6708,-43.9682
49,14.9884,4.69353,70.3484
50,-23.7774,4.71647,-112.145
51,14.2053,4.73961,67.3275
52,-0.121086,4.76294,-0.576725
53,-6.43943,4.78645,-30.822
54,4.05485,4.81012,19.5043
55,10.1779,4.83393,49.1994
56,-17.3795,4.85788,-84.4275
57,9.42281,4.88194,46.0016
58,-3.94069,4.9061,-19.3334
59,6.34107,4.93035,31.2637
60,-7.1656,4.95468,-35.5032
61,5.95763,4.97906,29.6634
62,-6.79009,5.00349,-33.9742
63,7.2339,5.02795,36.3717
64,-7.91654,5.05242,-39.9977
65,6.94099,5.0769,35.2387
66,-0.0829023,5.10136,-0.422914
67,-6.33327,5.12578,-32.463
68,8.20235,5.15017,42.2435
69,-16.7559,5.17449,-86.7031
70,27.55,5.19875,143.226
71,-15.5083,5.22291,-80.9983
72,-4.21398,5.24697,-22.1106
73,7.70631,5.27092,40.6193
74,-1.95469,5.29473,-10.3496
75,-7.29252,5.3184,-38.7845
76,10.1746,5.3419,54.3519
77,-4.88955,5.36523,-26.2336
78,2.14234,5.38838,11.5437
79,-0.112581,5.41132,-0.609211
80,-3.51257,5.43404,-19.0875
81,5.03344,5.45654,27.4652
82,-4.24741,5.47879,-23.2707
83,3.76854,5.50079,20.7299
84,-6.09016,5.52251,-33.633
85,6.71283,5.54395,37.2156
86,-2.89784,5.5651,-16.1268
87,-0.730174,5.58594,-4.07871
88,-2.19047,5.60645,-12.2807
89,6.24389,5.62663,35.1321
90,0.268869,5.64647,1.51816
91,-7.58207,5.66595,-42.9596
92,5.62797,5.68506,31.9953
93,-0.0823166,5.70378,-0.469516
94,-3.70065,5.72212,-21.1756
95,4.223,5.74005,24.2402
96,-2.5605,5.75757,-14.7422
97,-3.14034,5.77466,-18.1344
98,9.37483,5.79132,54.2926
99,-14.2358,5.80753,-82.675
100,24.3513,5.82329,141.805
101,-25.8024,5.83858,-150.649
102,10.7887,5.8534,63.1507
103,2.01926,5.86774,11.8485
104,-4.32378,5.88158,-25.4307
105,0.877381,5.89493,5.1721
106,3.10112,5.90777,18.3207
107,-3.78718,5.9201,-22.4205
108,-0.0806547,5.9319,-0.478435
109,6.55294,5.94317,38.9453
110,-8.23374,5.9539,-49.0229
111,3.6459,5.9641,21.7445
112,-5.06885,5.97374,-30.28
113,7.62075,5.98283,45.5936
114,-3.46527,5.99135,-20.7617
115,3.28982,5.99932,19.7367
116,-7.18715,6.00671,-43.1711
117,7.20504,6.01352,43.3277
118,-2.5824,6.01976,-15.5454
119,-0.267984,6.02542,-1.61472
120,0.488229,6.03049,2.94426
121,-0.742248,6.03497,-4.47944
122,0.941842,6.03885,5.68764
123,-3.55657,6.04215,-21.4893
124,12.1879,6.04485,73.6742
125,-17.2546,6.04695,-104.338
126,6.06648,6.04845,36.6928
127,6.42633,6.04935,38.8751
128,-4.4665,6.04965,-27.0207
129,-2.66092,6.04956,-16.0974
130,4.65226,6.0493,28.1429
131,-4.86889,6.04887,-29.4513
132,5.76274,6.04826,34.8546
133,-1.65406,6.04748,-10.0029
134,-4.05881,6.04653,-24.5417
135,3.83696,6.04541,23.196
136,-0.33714,6.04412,-2.03771
137,-3.5069,6.04265,-21.191
138,5.04609,6.04102,30.4835
139,-6.39689,6.03922,-38.6322
140,11.9597,6.03725,72.2038
141,-17.1537,6.03512,-103.525
142,16.0308,6.03282,96.711
143,-9.11141,6.03036,-54.9451
144,3.68365,6.02774,22.204
145,-4.12123,6.02495,-24.8302
146,5.24133,6.02201,31.5634
147,-5.61728,6.01891,-33.8099
148,6.89412,6.01566,41.4727
149,-3.47498,6.01225,-20.8925
150,-3.51959,6.00869,-21.1482
151,6.9188,6.00499,41.5473
152,-5.17173,6.00114,-31.0362
153,4.338,5.99714,26.0156
154,-4.02761,5.993,-24.1375
155,-1.19232,5.98872,-7.14048
156,2.06423,5.98431,12.353
157,4.48703,5.97976,26.8313
158,-6.20614,5.97508,-37.0822
159,2.89266,5.97027,17.27
160,-1.44881,5.96534,-8.64265
161,0.851811,5.96028,5.07703
162,0.323047,5.95511,1.92378
163,-0.336231,5.94981,-2.00051
164,-1.93949,5.94441,-11.5291
165,5.21114,5.93889,30.9484
166,-7.23478,5.93327,-42.9259
167,5.51777,5.92754,32.7068
168,-3.3676,5.92172,-19.942
169,1.51482,5.9158,8.96139
170,-0.275011,5.90978,-1.62525
171,3.27877,5.90368,19.3568
172,-5.5864,5.89749,-32.9457
173,5.72786,5.89122,33.7441
174,-5.80174,5.88487,-34.1425
175,6.13904,5.87845,36.088
176,-5.29722,5.87195,-31.105
177,1.27513,5.86539,7.47916
178,1.387,5.85877,8.12613
179,-1.13588,5.85209,-6.64727
180,3.02711,5.84536,17.6946
181,-5.17761,5.83857,-30.2298
182,1.11638,5.83174,6.51046
183,5.41409,5.82487,31.5363
184,-5.60347,5.81795,-32.6007
185,0.649058,5.81101,3.77168
186,2.36735,5.80403,13.7402
187,-5.74008,5.79703,-33.2754
188,8.30628,5.79001,48.0935
189,-6.10942,5.78297,-35.3306
190,6.22498,5.77592,35.955
191,-7.35986,5.76886,-42.458
192,5.27138,5.7618,30.3726
193,-3.21811,5.75473,-18.5194
194,2.88942,5.74767,16.6074
195,-3.17785,5.74062,-18.2428
196,5.33307,5.73358,30.5776
197,-8.35856,5.72656,-47.8658
198,5.32705,5.71956,30.4684
199,-1.12057,5.71259,-6.40134
200,1.19235,5.70564,6.80312
201,-1.14523,5.69873,-6.52634
202,0.888101,5.69186,5.05495
203,-1.62489,5.68502,-9.23753
204,1.77007,5.67824,10.0509
205,-0.899649,5.6715,-5.10236
206,0.292423,5.66482,1.65652
207,-1.23331,5.6582,-6.97831
208,3.42051,5.65164,19.3315
209,-4.24824,5.64515,-23.9819
210,3.08466,5.63873,17.3935
211,-3.22619,5.63238,-18.1711
212,6.73494,5.62611,37.8915
213,-7.69625,5.61992,-43.2523
214,4.34317,5.61381,24.3817
215,-1.79887,5.6078,-10.0877
216,0.725416,5.60188,4.06369
217,-0.996294,5.59605,-5.57531
218,1.10794,5.59033,6.19375
219,-0.450737,5.5847,-2.51723
220,-0.523296,5.57919,-2.91957
221,1.05173,5.57378,5.86209
222,-1.20164,5.56849,-6.69133
223,2.03191,5.56331,11.3042
224,0.16279,5.55826,0.90483
225,-3.75431,5.55332,-20.8489
226,2.91966,5.54851,16.1998
227,0.506347,5.54383,2.8071
228,-1.02121,5.53929,-5.65675
229,-2.33596,5.53487,-12.9292
230,3.43366,5.53059,18.9902
231,-1.42643,5.52646,-7.88312
232,-0.0977782,5.52246,-0.539976
233,0.982768,5.51861,5.42351
234,-1.54789,5.5149,-8.53646
235,2.6216,5.51134,14.4485
236,-1.42101,5.50794,-7.82684
237,-1.26405,5.50468,-6.95819
238,1.49231,5.50158,8.21005
239,-0.677759,5.49864,-3.72676
240,1.24621,5.49586,6.84898
241,-3.14873,5.49324,-17.2967
242,3.31996,5.49077,18.2291
243,-2.5083,5.48848,-13.7667
244,4.57045,5.48634,25.075
245,-8.62257,5.48437,-47.2894
246,8.31401,5.48257,45.5822
247,-2.44256,5.48094,-13.3875
248,-0.61861,5.47948,-3.38966
249,-0.541887,5.47819,-2.96856
250,1.01357,5.47706,5.55141
251,-0.53509,5.47611,-2.93021
252,-0.845984,5.47533,-4.63205
253,1.21372,5.47473,6.64479
254,1.70316,5.47429,9.3236
255,-3.47434,5.47403,-19.0186
256,1.09613,5.47395,6.00014
257,1.59364,5.47353,8.72281
258,-1.76096,5.47229,-9.63646
259,2.06858,5.47021,11.3156
260,-1.56798,5.46731,-8.57263
261,-0.470119,5.46359,-2.56854
262,-1.78104,5.45903,-9.72273
263,6.39058,5.45366,34.8521
264,-7.36456,5.44747,-40.1183
265,4.68142,5.44047,25.4691
266,-2.04675,5.43266,-11.1193
267,1.53289,5.42404,8.31447
268,-0.112324,5.41462,-0.608192
269,-0.402034,5.40441,-2.17275
270,-2.87336,5.3934,-15.4972
271,4.57682,5.38162,24.6307
272,-3.5877,5.36907,-19.2626
273,3.31988,5.35574,17.7804
274,-3.10388,5.34166,-16.5799
275,2.76909,5.32683,14.7505
276,-2.76045,5.31125,-14.6614
277,3.46326,5.29495,18.3378
278,-3.89779,5.27792,-20.5723
279,2.55358,5.26018,13.4323
280,-1.00141,5.24174,-5.24911
281,-0.0199255,5.22261,-0.104063
282,0.69568,5.2028,3.61948
283,-0.213438,5.18232,-1.1061
284,-0.374214,5.16119,-1.93139
285,-0.309114,5.13942,-1.58867
286,1.48679,5.11702,7.60793
287,-2.11373,5.09401,-10.7674
288,0.985363,5.07039,4.99617
289,0.919046,5.04619,4.63768
290,-1.9673,5.02141,-9.87863
291,2.45049,4.99608,12.2428
292,-2.67736,4.9702,-13.307
293,2.85227,4.9438,14.1011
294,-2.16528,4.91689,-10.6464
295,-0.0637924,4.88948,-0.311912
296,1.60326,4.8616,7.7944
297,-0.787189,4.83325,-3.80468
298,-0.134664,4.80446,-0.646988
299,1.39277,4.77525,6.65083
300,-2.28553,4.74562,-10.8462
301,-1.51551,4.7156,-7.14655
302,5.02264,4.68521,23.5321
303,-3.28421,4.65447,-15.2863
304,1.42148,4.62339,6.57207
305,-1.96379,4.59199,-9.0177
306,2.61564,4.56029,11.9281
307,-0.931992,4.52832,-4.22035
308,-0.222591,4.49608,-1.00078
309,-2.149,4.4636,-9.59226
310,2.93011,4.4309,12.983
311,-1.22933,4.398,-5.40658
312,0.657833,4.36492,2.87139
313,-0.29144,4.33167,-1.26242
314,-1.64216,4.29828,-7.05845
315,2.95344,4.26478,12.5957
316,-1.28681,4.23117,-5.44469
317,-0.555755,4.19747,-2.33277
318,1.53122,4.16372,6.37557
319,-2.22043,4.12993,-9.17024
320,1.01281,4.09611,4.1486
321,0.248518,4.0623,1.00955
322,0.310105,4.02851,1.24926
323,0.839827,3.99475,3.3549
324,-3.1321,3.96106,-12.4064
325,2.21866,3.92745,8.71367
326,-0.00289554,3.89394,-0.0112751
327,0.265793,3.86056,1.02611
328,-2.81083,3.82731,-10.7579
329,3.92898,3.79423,14.9075
330,-2.27717,3.76133,-8.56519
331,0.317533,3.72863,1.18396
332,1.35823,3.69615,5.02021
333,-2.98802,3.66391,-10.9479
334,3.38134,3.63194,12.2808
335,-1.98628,3.60024,-7.15108
336,-0.298855,3.56884,-1.06657
337,2.24223,3.53776,7.93246
338,-3.56424,3.50702,-12.4998
339,3.59968,3.47663,12.5147
340,-0.847923,3.44661,-2.92246
341,-2.72147,3.41698,-9.29922
342,3.87518,3.38777,13.1282
343,-2.38604,3.35898,-8.01466
344,-0.688392,3.33063,-2.29278
345,2.42954,3.30275,8.02415
346,-1.85681,3.27534,-6.08168
347,0.988884,3.24843,3.21232
348,0.0852612,3.22203,0.274714
349,-1.81293,3.19615,-5.79439
350,1.98044,3.17082,6.27962
351,-0.148289,3.14604,-0.466523
352,-2.05736,3.12184,-6.42274
353,4.81331,3.09822,14.9127
354,-6.48718,3.07521,-19.9494
355,6.1016,3.05281,18.627
356,-3.56905,3.03104,-10.8179
357,-0.853474,3.00991,-2.56888
358,3.29459,2.98943,9.84894
359,-2.05472,2.96962,-6.10172
360,-0.290402,2.95049,-0.856829
361,1.9467,2.93205,5.70782
362,-2.13104,2.91431,-6.2105
363,0.0309558,2.89728,0.0896877
364,3.60725,2.88097,10.3924
365,-5.82175,2.8654,-16.6816
366,4.28138,2.85057,12.2044
367,-1.0093,2.83649,-2.86286
368,-0.736031,2.82316,-2.07793
369,0.458162,2.81061,1.28771
370,0.00604429,2.79882,0.0169169
371,1.31014,2.78782,3.65243
372,-2.85844,2.77761,-7.93963
373,3.46,2.76819,9.57794
374,-3.73793,2.75957,-10.3151
375,1.77186,2.75176,4.87574
376,0.859173,2.74476,2.35822
377,-0.917892,2.73857,-2.51371
378,0.327165,2.73319,0.894204
379,-0.12516,2.72864,-0.341517
380,0.770408,2.72492,2.0993
381,-1.62878,2.72202,-4.43356
382,-0.254301,2.71994,-0.691684
383,2.71265,2.7187,7.37488
384,-3.34334,2.71828,-9.08814
385,2.63525,2.71837,7.16359
386,-0.75163,2.71864,-2.04341
387,-0.723373,2.7191,-1.96692
388,0.770606,2.71973,2.09584
389,-0.844578,2.72054,-2.29771
390,0.876411,2.72154,2.38519
391,0.843805,2.72271,2.29744
392,-2.75288,2.72406,-7.49901
393,3.74353,2.72559,10.2033
394,-4.33243,2.7273,-11.8158
395,4.34302,2.72918,11.8529
396,-3.49353,2.73124,-9.54168
397,1.99366,2.73347,5.44961
398,-1.04534,2.73587,-2.85993
399,1.38635,2.73845,3.79643
400,-2.06429,2.74119,-5.65861
401,1.65966,2.7441,4.55428
402,-0.479847,2.74717,-1.31822
403,-0.476928,2.75041,-1.31175
404,0.385958,2.75381,1.06286
405,-0.43243,2.75737,-1.19237
406,0.093886,2.76109,0.259228
407,1.14983,2.76497,3.17924
408,-0.776596,2.769,-2.15039
409,0.861443,2.77317,2.38893
410,-1.82674,2.7775,-5.07378
411,0.793441,2.78197,2.20733
412,1.35085,2.78659,3.76425
413,-1.99177,2.79134,-5.55972
414,0.293926,2.79623,0.821887
415,0.208952,2.80126,0.585329
416,1.97866,2.80642,5.55294
417,-3.00665,2.8117,-8.4538
418,1.9668,2.81712,5.54069
419,-0.495366,2.82265,-1.39824
420,-0.890239,2.8283,-2.51786
421,0.83284,2.83407,2.36032
422,-0.372457,2.83994,-1.05776
423,0.798335,2.84593,2.272
424,-1.01159,2.85202,-2.88506
425,0.990891,2.85821,2.83217
426,-0.403049,2.8645,-1.15453
427,-0.155074,2.87088,-0.445199
428,0.734332,2.87735,2.11293
429,-1.67767,2.8839,-4.83825
430,1.39136,2.89054,4.02179
431,-0.813592,2.89726,-2.35718
432,1.35676,2.90404,3.94009
433,-1.2205,2.9109,-3.55274
434,-0.61345,2.91782,-1.78994
435,1.56638,2.92481,4.58135
436,-0.282339,2.93185,-0.827774
437,-1.32555,2.93894,-3.89572
438,1.73125,2.94608,5.10041
439,-0.892323,2.95327,-2.63527
440,-0.47168,2.96049,-1.39641
441,0.0610303,2.96775,0.181123
442,1.84049,2.97505,5.47553
443,-2.37797,2.98236,-7.09197
444,2.15318,2.9897,6.43738
445,-2.0543,2.99706,-6.15687
446,1.65538,3.00443,4.97349
447,-0.852531,3.01181,-2.56767
448,-1.6928,3.0192,-5.11091
449,4.15434,3.02658,12.5735
450,-2.557,3.03396,-7.75784
451,-0.155596,3.04134,-0.473221
452,-0.476368,3.04869,-1.4523
453,2.39761,3.05603,7.32719
454,-2.62104,3.06335,-8.02916
455,1.58788,3.07064,4.87582
456,-1.22207,3.07791,-3.76142
457,2.90359,3.08513,8.95796
458,-5.28555,3.09232,-16.3446
459,4.75763,3.09946,14.7461
460,-1.89339,3.10655,-5.88191
461,0.928633,3.11359,2.89138
462,-1.194,3.12058,-3.72596
463,0.43122,3.1275,1.34864
464,1.74771,3.13436,5.47795
465,-2.62968,3.14114,-8.26022
466,0.474124,3.14786,1.49247
467,1.31624,3.1545,4.15209
468,-2.03694,3.16105,-6.43887
469,1.79594,3.16752,5.68868
470,0.646791,3.1739,2.05285
471,-3.05897,3.18019,-9.7281
472,0.441822,3.18638,1.40781
473,4.00546,3.19247,12.7873
474,-2.84381,3.19846,-9.0958
475,-0.772425,3.20433,-2.47511
476,0.0320971,3.2101,0.103035
477,3.41882,3.21575,10.9941
478,-2.70874,3.22128,-8.72563
479,-1.3079,3.22669,-4.2202
480,2.22814,3.23198,7.20131
481,-0.940173,3.23714,-3.04347
482,1.44673,3.24216,4.69055
483,-2.02703,3.24706,-6.58188
484,1.4803,3.25181,4.81365
485,-2.05413,3.25643,-6.68911
486,3.41027,3.2609,11.1206
487,-1.75436,3.26522,-5.72839
488,-1.79574,3.2694,-5.871
489,2.50335,3.27343,8.19455
490,-2.56102,3.2773,-8.39326
491,1.96329,3.28102,6.44161
492,1.24334,3.28458,4.08384
493,-2.68819,3.28799,-8.83875
494,1.54836,3.29123,5.096
495,-0.999972,3.2943,-3.29421
496,1.66503,3.29721,5.48996
497,-1.91334,3.29995,-6.31393
498,1.03426,3.30253,3.41568
499,-0.325284,3.30493,-1.07504
500,-0.107022,3.30716,-0.353938
501,0.145158,3.30922,0.480358
502,-0.0802006,3.3111,-0.265552
503,0.248401,3.31281,0.822903
504,-0.105052,3.31433,-0.348177
505,0.693837,3.31569,2.30055
506,-1.32799,3.31686,-4.40475
507,1.42295,3.31785,4.72113
508,-1.80299,3.31867,-5.98353
509,1.83172,3.3193,6.08003
510,-1.04818,3.31975,-3.47972
511,0.118683,3.32003,0.394032
512,-0.258887,3.32012,-0.859536
513,1.42496,3.32003,4.73089
514,-1.95117,3.31975,-6.47742
515,1.22433,3.3193,4.06392
516,-0.596995,3.31867,-1.98123
517,0.585195,3.31785,1.94159
518,-0.297761,3.31686,-0.987631
519,-0.327513,3.31569,-1.08593
520,0.457447,3.31433,1.51613
521,-0.0827977,3.31281,-0.274293
522,-0.397133,3.3111,-1.31495
523,1.3097,3.30922,4.33407
524,-3.10121,3.30716,-10.2562
525,4.4448,3.30493,14.6897
526,-3.52752,3.30253,-11.6497
527,1.81081,3.29995,5.97557
528,-0.778609,3.29721,-2.56724
529,0.113142,3.2943,0.372722
530,-0.288523,3.29123,-0.949593
531,0.601891,3.28799,1.97901
532,-0.406343,3.28458,-1.33467
533,0.295288,3.28102,0.968845
534,0.023471,3.2773,0.0769215
535,-0.142814,3.27343,-0.467491
536,-0.557941,3.2694,-1.82414
537,0.764563,3.26522,2.49647
538,0.00361811,3.2609,0.0117983
539,-0.285306,3.25643,-0.929079
540,0.0359431,3.25181,0.11688
541,-0.209333,3.24706,-0.679717
542,1.04103,3.24216,3.3752
543,-1.25617,3.23714,-4.06641
544,0.0409132,3.23198,0.132231
545,0.809816,3.22669,2.61303
546,-0.374118,3.22128,-1.20514
547,-0.458445,3.21575,-1.47425
548,0.91824,3.2101,2.94764
549,-0.93815,3.20433,-3.00615
550,1.09455,3.19846,3.50086
551,-1.63972,3.19247,-5.23475
552,1.78318,3.18638,5.68189
553,-1.17033,3.18019,-3.72186
554,0.377847,3.1739,1.19925
555,0.333351,3.16752,1.0559
556,-0.304763,3.16105,-0.96337
557,-0.636954,3.1545,-2.00927
558,1.28089,3.14786,4.03206
559,-1.20107,3.14114,-3.77273
560,0.967303,3.13436,3.03187
561,-0.827135,3.1275,-2.58686
562,0.694036,3.12058,2.16579
563,-0.28709,3.11359,-0.893881
564,0.186121,3.10655,0.578195
565,-0.346064,3.09946,-1.07261
566,-0.211829,3.09232,-0.655043
567,0.0276999,3.08513,0.0854579
568,1.13594,3.07791,3.49633
569,-1.03279,3.07064,-3.17132
570,0.33752,3.06335,1.03394
571,-0.306585,3.05603,-0.936935
572,0.210264,3.04869,0.641031
573,0.0895272,3.04134,0.272282
574,-0.0862387,3.03396,-0.261645
575,-0.607225,3.02658,-1.83782
576,1.26826,3.0192,3.82913
577,-1.12976,3.01181,-3.40262
578,0.585087,3.00443,1.75786
579,0.302036,2.99706,0.905222
580,-0.73075,2.9897,-2.18473
581,0.400573,2.98236,1.19465
582,-0.296045,2.97505,-0.880749
583,-0.401895,2.96775,-1.19273
584,1.40471,2.96049,4.15865
585,-1.21709,2.95327,-3.59439
586,0.216488,2.94608,0.637793
587,0.612247,2.93894,1.79936
588,-0.229542,2.93185,-0.672981
589,-0.436734,2.92481,-1.27736
590,0.453309,2.91782,1.32268
591,-0.899142,2.9109,-2.61731
592,1.31186,2.90404,3.80969
593,-0.437409,2.89726,-1.26729
594,-0.912675,2.89054,-2.63812
595,1.25839,2.8839,3.62908
596,-1.01531,2.87735,-2.92139
597,0.862559,2.87088,2.4763
598,-0.548155,2.8645,-1.57019
599,0.582781,2.85821,1.66571
600,-0.761838,2.85202,-2.17278
601,0.408527,2.84593,1.16264
602,-0.200919,2.83994,-0.570599
603,0.411979,2.83407,1.16758
604,-0.533518,2.8283,-1.50895
605,0.509035,2.82265,1.43683
606,-0.3271,2.81712,-0.921479
607,-0.154475,2.8117,-0.434339
608,0.351584,2.80642,0.986691
609,0.122686,2.80126,0.343676
610,-0.445346,2.79623,-1.24529
611,-0.0222896,2.79134,-0.062218
612,0.514879,2.78659,1.43476
613,-0.471238,2.78197,-1.31097
614,0.235843,2.7775,0.655053
615,0.216988,2.77317,0.601747
616,-0.770031,2.769,-2.13221
617,0.928758,2.76497,2.56799
618,-0.658957,2.76109,-1.81944
619,0.163441,2.75737,0.450668
620,0.195784,2.75381,0.539153
621,-0.170623,2.75041,-0.469284
622,0.0690028,2.74717,0.189563
623,-0.188427,2.7441,-0.517063
624,0.462771,2.74119,1.26854
625,-0.80161,2.73845,-2.19516
626,1.114,2.73587,3.04776
627,-0.921504,2.73347,-2.5189
628,0.399211,2.73124,1.09034
629,0.0766459,2.72918,0.209181
630,-0.37772,2.7273,-1.03015
631,0.307325,2.72559,0.837643
632,-0.0807447,2.72406,-0.219954
633,-0.270318,2.72271,-0.735998
634,0.28955,2.72154,0.788023
635,0.33326,2.72054,0.906649
636,-0.874099,2.71973,-2.37732
637,0.743023,2.7191,2.02035
638,-0.0392806,2.71864,-0.10679
639,-0.722015,2.71837,-1.96271
640,0.612957,2.71828,1.66619
641,0.148887,2.71812,0.404693
642,-0.109729,2.71764,-0.298204
643,-0.298533,2.71683,-0.811064
644,0.208472,2.71571,0.566148
645,-0.0517254,2.71426,-0.140396
646,0.0321116,2.71249,0.0871026
647,-0.133287,2.71041,-0.361263
648,0.232262,2.70801,0.628967
649,-0.153202,2.70529,-0.414456
650,-0.0959993,2.70226,-0.259415
651,0.0207487,2.69891,0.055999
652,0.166871,2.69525,0.449761
653,0.229438,2.69129,0.617485
654,-0.538086,2.68702,-1.44585
655,0.560991,2.68245,1.50483
656,-0.572558,2.67757,-1.53307
657,0.260016,2.6724,0.694866
658,0.0149006,2.66694,0.0397389
659,0.111974,2.66118,0.297984
660,-0.380024,2.65514,-1.00902
661,0.453717,2.64881,1.20181
662,-0.327397,2.6422,-0.865046
663,0.236427,2.63531,0.623058
664,-0.160362,2.62816,-0.421456
665,0.0835086,2.62073,0.218853
666,0.027303,2.61304,0.0713438
667,-0.0484414,2.60509,-0.126194
668,-0.0837423,2.59689,-0.21747
669,-0.0936235,2.58844,-0.242339
670,0.448234,2.57975,1.15633
671,-0.541054,2.57081,-1.39095
672,0.321497,2.56165,0.823563
673,-0.0164146,2.55225,-0.0418943
674,-0.00131578,2.54264,-0.00334556
675,-0.233094,2.53281,-0.590382
676,0.449661,2.52276,1.13439
677,-0.342428,2.51252,-0.860356
678,0.068177,2.50207,0.170584
679,-0.00983414,2.49143,-0.0245011
680,0.0112015,2.48061,0.0277867
681,0.11244,2.46961,0.277683
682,-0.217943,2.45843,-0.535797
683,0.159492,2.44709,0.390291
684,0.0168741,2.4356,0.0410985
685,0.0387368,2.42394,0.093896
686,-0.39415,2.41215,-0.950749
687,0.376353,2.40022,0.903328
688,0.0333924,2.38815,0.0797461
689,-0.239342,2.37597,-0.568668
690,0.325201,2.36366,0.768666
691,-0.458253,2.35125,-1.07747
692,0.328853,2.33874,0.769102
693,-0.050933,2.32613,-0.118477
694,0.0636819,2.31344,0.147324
695,-0.162861,2.30067,-0.374691
696,0.0906915,2.28783,0.207487
697,0.0140483,2.27493,0.0319589
698,0.0778262,2.26197,0.176041
699,-0.326053,2.24896,-0.733281
700,0.307672,2.23592,0.68793
701,-0.0630655,2.22284,-0.140185
702,-0.0410978,2.20974,-0.0908155
703,0.0422352,2.19663,0.092775
704,-0.0824996,2.1835,-0.180138
705,0.0452246,2.17038,0.0981544
706,0.112803,2.15726,0.243344
707,-0.127707,2.14416,-0.273824
708,0.0254041,2.13108,0.0541383
709,0.0433379,2.11804,0.0917914
710,-0.0234437,2.10503,-0.0493497
711,-0.104394,2.09207,-0.218399
712,0.135024,2.07917,0.280737
713,-0.0151736,2.06633,-0.0313537
714,-0.0595523,2.05356,-0.122294
715,-0.022225,2.04087,-0.0453583
716,0.0331983,2.02826,0.0673349
717,0.128481,2.01575,0.258985
718,-0.286192,2.00334,-0.573339
719,0.315313,1.99104,0.627799
720,-0.11862,1.97885,-0.234731
721,-0.0542896,1.96679,-0.106776
722,-0.0224898,1.95485,-0.0439643
723,0.132848,1.94306,0.258132
724,-0.150405,1.93141,-0.290494
725,0.159891,1.91991,0.306977
726,-0.151398,1.90857,-0.288955
727,0.0248812,1.8974,0.0472096
728,0.122188,1.88639,0.230495
729,-0.159444,1.87557,-0.299049
730,0.178398,1.86493,0.3327
731,-0.211262,1.85449,-0.391784
732,0.249574,1.84424,0.460274
733,-0.271822,1.8342,-0.498576
734,0.196562,1.82437,0.3586
735,-0.105093,1.81475,-0.190718
736,0.0934167,1.80535,0.16865
737,-0.0879891,1.79619,-0.158045
738,0.0871939,1.78726,0.155838
739,-0.0779132,1.77856,-0.138573
740,0.0399038,1.77011,0.0706342
741,-0.0520544,1.76191,-0.0917151
742,0.0538144,1.75396,0.0943885
743,0.0048097,1.74627,0.00839906
744,-0.0859015,1.73885,-0.14937
745,0.0901046,1.73169,0.156033
746,-0.059302,1.72481,-0.102284
747,0.136058,1.7182,0.233774
748,-0.161498,1.71187,-0.276463
749,0.191577,1.70582,0.326796
750,-0.387493,1.70007,-0.658764
751,0.393569,1.6946,0.666941
752,-0.164455,1.68943,-0.277835
753,0.041869,1.68456,0.0705307
754,-0.0773634,1.67998,-0.129969
755,0.190441,1.67571,0.319124
756,-0.196816,1.67175,-0.329026
757,0.117625,1.66809,0.19621
758,-0.227013,1.66475,-0.377919
759,0.275465,1.66172,0.457744
760,0.0136483,1.659,0.0226425
761,-0.258016,1.65659,-0.427427
762,0.198958,1.65451,0.329178
763,-0.0532577,1.65274,-0.0880213
764,-0.0460861,1.6513,-0.0761018
765,0.148638,1.65017,0.245279
766,-0.167981,1.64937,-0.277062
767,0.063095,1.64888,0.104036
768,0.00274448,1.64872,0.00452488
769,0.0106707,1.64938,0.0176001
770,-0.00771375,1.65137,-0.0127383
771,0.0396297,1.65468,0.0655746
772,-0.172145,1.65932,-0.285643
773,0.284135,1.66527,0.473161
774,-0.192203,1.67254,-0.321466
775,0.0253479,1.68112,0.0426128
776,-0.00125298,1.691,-0.00211879
777,0.00848923,1.70219,0.0144503
778,0.0501492,1.71467,0.0859891
779,-0.0195246,1.72843,-0.0337469
780,-0.060265,1.74347,-0.10507
781,-0.0231345,1.75978,-0.0407116
782,0.088963,1.77735,0.158119
783,-0.0863658,1.79617,-0.155127
784,0.179071,1.81622,0.325232
785,-0.156281,1.8375,-0.287166
786,-0.0515652,1.85999,-0.0959106
787,0.175353,1.88368,0.330308
788,-0.145315,1.90855,-0.277341
789,0.0600401,1.93459,0.116153
790,0.0476412,1.96178,0.0934618
791,-0.133822,1.99012,-0.266321
792,0.114086,2.01957,0.230403
793,0.00131741,2.05012,0.00270085
794,-0.0619963,2.08176,-0.129061
795,-0.00385199,2.11446,-0.00814487
796,0.102682,2.1482,0.220582
797,-0.119488,2.18297,-0.26084
798,0.0773534,2.21875,0.171628
799,-0.0117613,2.25551,-0.0265277
800,-0.0762437,2.29322,-0.174844
801,0.0858489,2.33188,0.200189
802,0.00875968,2.37144,0.0207731
803,-0.085769,2.4119,-0.206866
804,0.0608374,2.45323,0.149248
805,0.0128658,2.49539,0.0321051
806,-0.0252302,2.53837,-0.0640435
807,-0.00710477,2.58214,-0.0183455
808,0.040843,2.62667,0.107281
809,-0.108769,2.67194,-0.290625
810,0.134056,2.71792,0.364354
811,-0.0830416,2.76458,-0.229575
812,0.0119762,2.81189,0.0336757
813,0.0121171,2.85983,0.0346528
814,0.025544,2.90837,0.0742914
815,-0.00623495,2.95747,-0.0184397
816,-0.0615208,3.0071,-0.184999
817,0.0604998,3.05725,0.184963
818,-0.011752,3.10787,-0.0365237
819,-0.0471544,3.15894,-0.148958
820,0.121452,3.21042,0.389912
821,-0.123986,3.26229,-0.40448
822,-0.000140328,3.31452,-0.000465121
823,0.102812,3.36706,0.346173
824,-0.0780405,3.4199,-0.26689
825,0.0311344,3.47299,0.10813
826,-0.0259287,3.52631,-0.0914327
827,0.026519,3.57982,0.0949335
828,-0.0175729,3.6335,-0.063851
829,-0.0182321,3.68731,-0.0672275
830,0.0284165,3.74121,0.106312
831,0.0336564,3.79518,0.127732
832,-0.0769678,3.84918,-0.296263
833,0.0434967,3.90319,0.169776
834,0.00891588,3.95716,0.0352815
835,-0.00175683,4.01106,-0.00704676
836,-0.0151119,4.06487,-0.061428
837,-0.0261915,4.11854,-0.107871
838,0.0615271,4.17206,0.256695
839,-0.0457112,4.22538,-0.193147
840,0.0167497,4.27847,0.0716632
841,-0.00396973,4.33131,-0.0171941
842,-0.0245321,4.38385,-0.107545
843,0.0767555,4.43608,0.340493
844,-0.0846535,4.48795,-0.37992
845,0.0464537,4.53943,0.210873
846,-0.00761235,4.5905,-0.0349445
847,-0.0390062,4.64112,-0.181033
848,0.0495251,4.69127,0.232336
849,0.021275,4.7409,0.100863
850,-0.069603,4.79,-0.333398
851,0.0173916,4.83854,0.0841498
852,0.0266057,4.88648,0.130008
853,-0.00731942,4.93379,-0.0361124
854,-0.00401739,4.98045,-0.0200084
855,-0.00220876,5.02643,-0.0111022
856,0.00248945,5.0717,0.0126257
857,-0.00146184,5.11623,-0.0074791
858,-0.000162114,5.16,-0.000836509
859,0.0013854,5.20298,0.00720823
860,-0.00183249,5.24514,-0.00961165
861,0.00218991,5.28647,0.0115769
862,-0.00174361,5.32693,-0.00928808
863,0.00149322,5.36649,0.00801333
864,-0.000754068,5.40515,-0.00407585
865,0.000102505,5.44286,0.000557923
866,0.000110219,5.47962,0.000603957
867,-0.000276806,5.51539,-0.00152669
868,0.000120598,5.55017,0.000669341
869,-9.69983e-05,5.58391,-0.00054163
870,-4.06194e-06,5.61661,-2.28143e-05
871,0.000173342,5.64825,0.000979079
872,-0.000220816,5.6788,-0.00125397
873,0.000220125,5.70825,0.00125653
874,-5.3853e-05,5.73658,-0.000308932
875,-6.35719e-05,5.76378,-0.000366414
876,0.000172038,5.78982,0.000996068
877,-0.000300127,5.81469,-0.00174514
878,0.000325244,5.83838,0.0018989
879,-0.000249803,5.86087,-0.00146406
880,8.34976e-05,5.88215,0.000491145
881,5.21036e-06,5.9022,3.07526e-05
882,0.000112556,5.92102,0.000666444
883,-0.000186798,5.93859,-0.00110932
884,0.00018432,5.9549,0.00109761
885,-0.00021869,5.96994,-0.00130557
886,0.000155944,5.9837,0.000933121
887,-2.28403e-05,5.99618,-0.000136955
888,-4.36142e-05,6.00737,-0.000262007
889,4.81724e-05,6.01725,0.000289865
890,-0.000134789,6.02583,-0.000812216
891,0.000191812,6.0331,0.00115722
892,-5.9062e-05,6.03905,-0.000356678
893,6.05563e-05,6.04369,0.000365983
894,-0.000130808,6.047,-0.000790996
895,4.36584e-05,6.04898,0.000264089
896,-2.27174e-05,6.04965,-0.000137433
897,-3.84356e-05,6.04892,-0.000232494
898,0.000301233,6.04674,0.00182148
899,-0.000407272,6.04311,-0.00246119
900,0.000224175,6.03802,0.00135357
901,-3.77892e-05,6.03149,-0.000227925
902,2.66735e-05,6.02352,0.000160668
903,-0.000120364,6.01411,-0.000723882
904,3.64528e-05,6.00326,0.000218836
905,0.00021021,5.99099,0.00125937
906,-0.000265381,5.9773,-0.00158626
907,0.000143812,5.9622,0.000857437
908,-4.55918e-05,5.9457,-0.000271075
909,5.09563e-06,5.9278,3.02059e-05
910,5.46692e-05,5.90853,0.000323015
911,-0.000181446,5.88788,-0.00106834
912,0.000148175,5.86588,0.000869176
913,2.59218e-05,5.84254,0.000151449
914,-5.0832e-06,5.81787,-2.95734e-05
915,-0.000177358,5.79188,-0.00102724
916,0.000284496,5.76459,0.00164
917,-0.000268151,5.73602,-0.00153812
918,0.000192598,5.70619,0.001099
919,-7.59552e-05,5.6751,-0.000431054
920,1.82543e-05,5.64279,0.000103005
921,2.13883e-05,5.60927,0.000119973
922,-9.66907e-05,5.57457,-0.000539008
923,3.31945e-05,5.53869,0.000183854
924,6.45597e-05,5.50167,0.000355186
925,-5.09575e-06,5.46352,-2.78408e-05
926,-5.95506e-05,5.42427,-0.000323019
927,-2.15195e-05,5.38395,-0.00011586
928,5.07418e-05,5.34257,0.000271091
929,0.000120041,5.30016,0.000636238
930,-0.000279918,5.25675,-0.00147146
931,0.0002699,5.21236,0.00140682
932,-0.000211644,5.16703,-0.00109357
933,0.000263055,5.12077,0.00134705
934,-0.000243238,5.07362,-0.0012341
935,3.96002e-05,5.0256,0.000199015
936,6.80624e-05,4.97674,0.000338729
937,-2.29064e-05,4.92707,-0.000112862
938,-3.45294e-05,4.87663,-0.000168387
939,5.83253e-05,4.82544,0.000281446
940,5.0164e-05,4.77353,0.00023946
941,-0.000237255,4.72094,-0.00112007
942,0.000291774,4.6677,0.00136191
943,-0.000231984,4.61383,-0.00107033
944,0.000194609,4.55937,0.000887295
945,-0.000138624,4.50436,-0.000624412
946,-3.84059e-05,4.44882,-0.000170861
947,0.000188444,4.39279,0.000827794
948,-0.000107496,4.33631,-0.000466137
949,-1.39132e-05,4.2794,-5.95403e-05
950,-4.32068e-05,4.22211,-0.000182424
951,0.0001135,4.16446,0.000472666
952,-6.13631e-05,4.1065,-0.000251987
953,-6.04839e-06,4.04825,-2.44854e-05
954,-2.5477e-05,3.98975,-0.000101647
955,0.000161654,3.93104,0.000635469
956,-0.000223132,3.87215,-0.000863999
957,0.000143312,3.81312,0.000546467
958,-1.12427e-05,3.75398,-4.22049e-05
959,-6.26299e-05,3.69477,-0.000231403
960,-7.0796e-05,3.63553,-0.000257381
961,0.000265139,3.57628,0.000948212
962,-0.000284494,3.51707,-0.00100058
963,0.000230268,3.45793,0.000796251
964,-0.000115338,3.3989,-0.000392021
965,-1.87699e-05,3.34001,-6.26917e-05
966,-2.83354e-05,3.2813,-9.2977e-05
967,4.30777e-05,3.2228,0.000138831
968,6.48746e-05,3.16455,0.000205299
969,-6.98818e-05,3.10659,-0.000217094
970,-6.66919e-05,3.04894,-0.00020334
971,0.000133135,2.99165,0.000398292
972,4.27548e-06,2.93474,1.25474e-05
973,-6.76724e-05,2.87826,-0.000194779
974,2.42806e-06,2.82223,6.85255e-06
975,4.24981e-05,2.76669,0.000117579
976,1.02759e-05,2.71168,2.78648e-05
977,-0.000105127,2.65722,-0.000279345
978,3.7543e-05,2.60335,9.77378e-05
979,2.02798e-05,2.55011,5.17157e-05
980,-1.64088e-05,2.49752,-4.09812e-05
981,3.4183e-05,2.44561,8.35984e-05
982,-1.53206e-05,2.39442,-3.6684e-05
983,0.000215407,2.34398,0.000504909
984,-0.000474788,2.29431,-0.00108931
985,0.000306928,2.24545,0.000689193
986,2.03416e-05,2.19743,4.46993e-05
987,-0.000114734,2.15028,-0.00024671
988,7.13598e-05,2.10402,0.000150143
989,-1.7574e-05,2.05869,-3.61794e-05
990,-4.23926e-05,2.0143,-8.53915e-05
991,3.42149e-05,1.97089,6.74339e-05
992,9.58801e-05,1.92848,0.000184903
993,-7.01151e-05,1.8871,-0.000132314
994,-9.77997e-05,1.84678,-0.000180614
995,6.6237e-05,1.80753,0.000119725
996,6.06934e-06,1.76938,1.0739e-05
997,-5.00962e-05,1.73236,-8.67847e-05
998,0.000119155,1.69648,0.000202145
999,-0.000121038,1.66178,-0.000201138
1000,0.00016406,1.62826,0.000267132
1001,-0.000162396,1.59595,-0.000259175
1002,3.79351e-05,1.56486,5.93632e-05
1003,-9.28213e-06,1.53503,-1.42483e-05
1004,0.000110534,1.50646,0.000166516
1005,-0.000163351,1.47917,-0.000241625
1006,0.000196262,1.45318,0.000285205
1007,-0.000112454,1.42851,-0.000160642
1008,-0.000163376,1.40517,-0.00022957
1009,0.000253615,1.38317,0.000350791
1010,-5.2432e-05,1.36252,-7.14398e-05
1011,-0.000189533,1.34325,-0.00025459
1012,0.000267261,1.32535,0.000354215
1013,-0.000200265,1.30885,-0.000262117
1014,0.00012846,1.29375,0.000166195
1015,-3.94203e-07,1.28006,-5.04604e-07
1016,-0.00020348,1.26779,-0.00025797
1017,0.000328159,1.25694,0.000412478
1018,-0.000253611,1.24753,-0.000316387
1019,0.0001521,1.23956,0.000188536
1020,-0.000137309,1.23303,-0.000169306
1021,4.8962e-05,1.22794,6.01226e-05
1022,5.37259e-05,1.22431,6.57773e-05
1023,-5.7685e-05,1.22213,-7.04986e-05
1024,4.24644e-05,1.22213,5.1897e-05
1025,-5.7685e-05,1.22431,-7.06244e-05
1026,5.37259e-05,1.22794,6.59725e-05
1027,4.8962e-05,1.23303,6.03715e-05
1028,-0.000137309,1.23956,-0.000170202
1029,0.0001521,1.24753,0.000189749
1030,-0.000253611,1.25694,-0.000318774
1031,0.000328159,1.26779,0.000416037
1032,-0.00020348,1.28006,-0.000260467
1033,-3.94203e-07,1.29375,-5.10001e-07
1034,0.00012846,1.30885,0.000168135
1035,-0.000200265,1.32535,-0.000265422
1036,0.000267261,1.34325,0.000358998
1037,-0.000189533,1.36252,-0.000258244
1038,-5.2432e-05,1.38317,-7.25222e-05
1039,0.000253615,1.40517,0.000356371
1040,-0.000163376,1.42851,-0.000233384
1041,-0.000112454,1.45318,-0.000163417
1042,0.000196262,1.47917,0.000290305
1043,-0.000163351,1.50646,-0.000246082
1044,0.000110534,1.53503,0.000169674
1045,-9.28213e-06,1.56486,-1.45253e-05
1046,3.79351e-05,1.59595,6.05423e-05
1047,-0.000162396,1.62826,-0.000264422
1048,0.00016406,1.66178,0.000272631
1049,-0.000121038,1.69648,-0.000205339
1050,0.000119155,1.73236,0.00020642
1051,-5.00962e-05,1.76938,-8.86394e-05
1052,6.06934e-06,1.80753,1.09705e-05
1053,6.6237e-05,1.84678,0.000122325
1054,-9.77997e-05,1.8871,-0.000184558
1055,-7.01151e-05,1.92848,-0.000135216
1056,9.58801e-05,1.97089,0.000188969
1057,3.42149e-05,2.0143,6.89191e-05
1058,-4.23926e-05,2.05869,-8.72731e-05
1059,-1.7574e-05,2.10402,-3.69761e-05
1060,7.13598e-05,2.15028,0.000153444
1061,-0.000114734,2.19743,-0.00025212
1062,2.03416e-05,2.24545,4.56761e-05
1063,0.000306928,2.29431,0.000704189
1064,-0.000474788,2.34398,-0.00111289
1065,0.000215407,2.39442,0.000515774
1066,-1.53206e-05,2.44561,-3.74683e-05
1067,3.4183e-05,2.49752,8.53727e-05
1068,-1.64088e-05,2.55011,-4.18442e-05
1069,2.02798e-05,2.60335,5.27956e-05
1070,3.7543e-05,2.65722,9.97602e-05
1071,-0.000105127,2.71168,-0.00028507
1072,1.02759e-05,2.76669,2.84302e-05
1073,4.24981e-05,2.82223,0.000119939
1074,2.42806e-06,2.87826,6.98858e-06
1075,-6.76724e-05,2.93474,-0.000198601
1076,4.27548e-06,2.99165,1.27907e-05
1077,0.000133135,3.04894,0.00040592
1078,-6.66919e-05,3.10659,-0.000207184
1079,-6.98818e-05,3.16455,-0.000221145
1080,6.48746e-05,3.2228,0.000209078
1081,4.30777e-05,3.2813,0.000141351
1082,-2.83354e-05,3.34001,-9.46406e-05
1083,-1.87699e-05,3.3989,-6.3797e-05
1084,-0.000115338,3.45793,-0.00039883
1085,0.000230268,3.51707,0.000809868
1086,-0.000284494,3.57628,-0.00101743
1087,0.000265139,3.63553,0.00096392
1088,-7.0796e-05,3.69477,-0.000261575
1089,-6.26299e-05,3.75398,-0.000235111
1090,-1.12427e-05,3.81312,-4.28698e-05
1091,0.000143312,3.87215,0.000554927
1092,-0.000223132,3.93104,-0.000877139
1093,0.000161654,3.98975,0.00064496
1094,-2.5477e-05,4.04825,-0.000103137
1095,-6.04839e-06,4.1065,-2.48377e-05
1096,-6.13631e-05,4.16446,-0.000255544
1097,0.0001135,4.22211,0.000479208
1098,-4.32068e-05,4.2794,-0.000184899
1099,-1.39132e-05,4.33631,-6.0332e-05
1100,-0.000107496,4.39279,-0.000472209
1101,0.000188444,4.44882,0.000838352
1102,-3.84059e-05,4.50436,-0.000172994
1103,-0.000138624,4.55937,-0.000632038
1104,0.000194609,4.61383,0.000897893
1105,-0.000231984,4.6677,-0.00108283
1106,0.000291774,4.72094,0.00137745
1107,-0.000237255,4.77353,-0.00113255
1108,5.0164e-05,4.82544,0.000242063
1109,5.83253e-05,4.87663,0.000284431
1110,-3.45294e-05,4.92707,-0.000170129
1111,-2.29064e-05,4.97674,-0.000113999
1112,6.80624e-05,5.0256,0.000342054
1113,3.96002e-05,5.07362,0.000200916
1114,-0.000243238,5.12077,-0.00124557
1115,0.000263055,5.16703,0.00135922
1116,-0.000211644,5.21236,-0.00110317
1117,0.0002699,5.25675,0.0014188
1118,-0.000279918,5.30016,-0.00148361
1119,0.000120041,5.34257,0.000641329
1120,5.07418e-05,5.38395,0.000273191
1121,-2.15195e-05,5.42427,-0.000116728
1122,-5.95506e-05,5.46352,-0.000325356
1123,-5.09575e-06,5.50167,-2.80351e-05
1124,6.45597e-05,5.53869,0.000357576
1125,3.31945e-05,5.57457,0.000185045
1126,-9.66907e-05,5.60927,-0.000542364
1127,2.13883e-05,5.64279,0.00012069
1128,1.82543e-05,5.6751,0.000103595
1129,-7.59552e-05,5.70619,-0.000433415
1130,0.000192598,5.73602,0.00110475
1131,-0.000268151,5.76459,-0.00154578
1132,0.000284496,5.79188,0.00164777
1133,-0.000177358,5.81787,-0.00103185
1134,-5.0832e-06,5.84254,-2.96988e-05
1135,2.59218e-05,5.86588,0.000152054
1136,0.000148175,5.88788,0.000872436
1137,-0.000181446,5.90853,-0.00107208
1138,5.46692e-05,5.9278,0.000324068
1139,5.09563e-06,5.9457,3.02971e-05
1140,-4.55918e-05,5.9622,-0.000271828
1141,0.000143812,5.9773,0.000859609
1142,-0.000265381,5.99099,-0.00158989
1143,0.00021021,6.00326,0.00126195
1144,3.64528e-05,6.01411,0.000219231
1145,-0.000120364,6.02352,-0.000725015
1146,2.66735e-05,6.03149,0.000160881
1147,-3.77892e-05,6.03802,-0.000228172
1148,0.000224175,6.04311,0.00135471
1149,-0.000407272,6.04674,-0.00246267
1150,0.000301233,6.04892,0.00182213
1151,-3.84356e-05,6.04965,-0.000232522
1152,-2.27174e-05,6.04898,-0.000137417
1153,4.36584e-05,6.047,0.000264002
1154,-0.000130808,6.04369,-0.000790563
1155,6.05563e-05,6.03905,0.000365703
1156,-5.9062e-05,6.0331,-0.000356327
1157,0.000191812,6.02583,0.00115583
1158,-0.000134789,6.01725,-0.00081106
1159,4.81724e-05,6.00737,0.000289389
1160,-4.36142e-05,5.99618,-0.000261519
1161,-2.28403e-05,5.9837,-0.00013667
1162,0.000155944,5.96994,0.000930975
1163,-0.00021869,5.9549,-0.00130228
1164,0.00018432,5.93859,0.0010946
1165,-0.000186798,5.92102,-0.00110604
1166,0.000112556,5.9022,0.000664326
1167,5.21036e-06,5.88215,3.06481e-05
1168,8.34976e-05,5.86087,0.000489369
1169,-0.000249803,5.83838,-0.00145845
1170,0.000325244,5.81469,0.00189119
1171,-0.000300127,5.78982,-0.00173768
1172,0.000172038,5.76378,0.000991588
1173,-6.35719e-05,5.73658,-0.000364686
1174,-5.3853e-05,5.70825,-0.000307407
1175,0.000220125,5.6788,0.00125005
1176,-0.000220816,5.64825,-0.00124722
1177,0.000173342,5.61661,0.000973595
1178,-4.06194e-06,5.58391,-2.26815e-05
1179,-9.69983e-05,5.55017,-0.000538357
1180,0.000120598,5.51539,0.000665148
1181,-0.000276806,5.47962,-0.00151679
1182,0.000110219,5.44286,0.000599906
1183,0.000102505,5.40515,0.000554056
1184,-0.000754068,5.36649,-0.0040467
1185,0.00149322,5.32693,0.00795425
1186,-0.00174361,5.28647,-0.00921753
1187,0.00218991,5.24514,0.0114864
1188,-0.00183249,5.20298,-0.00953438
1189,0.0013854,5.16,0.00714869
1190,-0.000162114,5.11623,-0.000829413
1191,-0.00146184,5.0717,-0.007414
1192,0.00248945,5.02643,0.012513
1193,-0.00220876,4.98045,-0.0110006
1194,-0.00401739,4.93379,-0.0198209
1195,-0.00731942,4.88648,-0.0357661
1196,0.0266057,4.83854,0.128732
1197,0.0173916,4.79,0.0833057
1198,-0.069603,4.7409,-0.329981
1199,0.021275,4.69127,0.0998066
1200,0.0495251,4.64112,0.229852
1201,-0.0390062,4.5905,-0.179058
1202,-0.00761235,4.53943,-0.0345557
1203,0.0464537,4.48795,0.208482
1204,-0.0846535,4.43608,-0.375529
1205,0.0767555,4.38385,0.336485
1206,-0.0245321,4.33131,-0.106256
1207,-0.00396973,4.27847,-0.0169844
1208,0.0167497,4.22538,0.0707739
1209,-0.0457112,4.17206,-0.19071
1210,0.0615271,4.11854,0.253402
1211,-0.0261915,4.06487,-0.106465
1212,-0.0151119,4.01106,-0.0606148
1213,-0.00175683,3.95716,-0.00695206
1214,0.00891588,3.90319,0.0348003
1215,0.0434967,3.84918,0.167427
1216,-0.0769678,3.79518,-0.292107
1217,0.0336564,3.74121,0.125916
1218,0.0284165,3.68731,0.10478
1219,-0.0182321,3.6335,-0.0662464
1220,-0.0175729,3.57982,-0.0629077
1221,0.026519,3.52631,0.0935143
1222,-0.0259287,3.47299,-0.0900502
1223,0.0311344,3.4199,0.106476
1224,-0.0780405,3.36706,-0.262767
1225,0.102812,3.31452,0.340771
1226,-0.000140328,3.26229,-0.000457792
1227,-0.123986,3.21042,-0.398049
1228,0.121452,3.15894,0.383659
1229,-0.0471544,3.10787,-0.14655
1230,-0.011752,3.05725,-0.0359288
1231,0.0604998,3.0071,0.181929
1232,-0.0615208,2.95747,-0.181946
1233,-0.00623495,2.90837,-0.0181335
1234,0.025544,2.85983,0.0730516
1235,0.0121171,2.81189,0.0340719
1236,0.0119762,2.76458,0.0331091
1237,-0.0830416,2.71792,-0.2257
1238,0.134056,2.67194,0.35819
1239,-0.108769,2.62667,-0.285701
1240,0.040843,2.58214,0.105462
1241,-0.00710477,2.53837,-0.0180345
1242,-0.0252302,2.49539,-0.0629591
1243,0.0128658,2.45323,0.0315626
1244,0.0608374,2.4119,0.146734
1245,-0.085769,2.37144,-0.203396
1246,0.00875968,2.33188,0.0204265
1247,0.0858489,2.29322,0.196871
1248,-0.0762437,2.25551,-0.171968
1249,-0.0117613,2.21875,-0.0260953
1250,0.0773534,2.18297,0.168861
1251,-0.119488,2.1482,-0.256685
1252,0.102682,2.11446,0.217117
1253,-0.00385199,2.08176,-0.00801891
1254,-0.0619963,2.05012,-0.1271
1255,0.00131741,2.01957,0.0026606
1256,0.114086,1.99012,0.227043
1257,-0.133822,1.96178,-0.26253
1258,0.0476412,1.93459,0.0921662
1259,0.0600401,1.90855,0.11459
1260,-0.145315,1.88368,-0.273726
1261,0.175353,1.85999,0.326155
1262,-0.0515652,1.8375,-0.094751
1263,-0.156281,1.81622,-0.283841
1264,0.179071,1.79617,0.321641
1265,-0.0863658,1.77735,-0.153502
1266,0.088963,1.75978,0.156556
1267,-0.0231345,1.74347,-0.0403343
1268,-0.060265,1.72843,-0.104164
1269,-0.0195246,1.71467,-0.0334781
1270,0.0501492,1.70219,0.0853633
1271,0.00848923,1.691,0.0143553
1272,-0.00125298,1.68112,-0.0021064
1273,0.0253479,1.67254,0.0423953
1274,-0.192203,1.66527,-0.320069
1275,0.284135,1.65932,0.47147
1276,-0.172145,1.65468,-0.284846
1277,0.0396297,1.65137,0.0654434
1278,-0.00771375,1.64938,-0.0127229
1279,0.0106707,1.64872,0.017593
1280,0.00274448,1.64888,0.00452533
1281,0.063095,1.64937,0.104067
1282,-0.167981,1.65017,-0.277197
1283,0.148638,1.6513,0.245446
1284,-0.0460861,1.65274,-0.0761684
1285,-0.0532577,1.65451,-0.0881154
1286,0.198958,1.65659,0.329593
1287,-0.258016,1.659,-0.428047
1288,0.0136483,1.66172,0.0226796
1289,0.275465,1.66475,0.458579
1290,-0.227013,1.66809,-0.378678
1291,0.117625,1.67175,0.19664
1292,-0.196816,1.67571,-0.329807
1293,0.190441,1.67998,0.319937
1294,-0.0773634,1.68456,-0.130323
1295,0.041869,1.68943,0.0707347
1296,-0.164455,1.6946,-0.278685
1297,0.393569,1.70007,0.669092
1298,-0.387493,1.70582,-0.660994
1299,0.191577,1.71187,0.327954
1300,-0.161498,1.7182,-0.277485
1301,0.136058,1.72481,0.234673
1302,-0.059302,1.73169,-0.102693
1303,0.0901046,1.73885,0.156678
1304,-0.0859015,1.74627,-0.150007
1305,0.0048097,1.75396,0.00843604
1306,0.0538144,1.76191,0.0948161
1307,-0.0520544,1.77011,-0.092142
1308,0.0399038,1.77856,0.0709714
1309,-0.0779132,1.78726,-0.139251
1310,0.0871939,1.79619,0.156617
1311,-0.0879891,1.80535,-0.158852
1312,0.0934167,1.81475,0.169528
1313,-0.105093,1.82437,-0.191728
1314,0.196562,1.8342,0.360533
1315,-0.271822,1.84424,-0.501305
1316,0.249574,1.85449,0.462832
1317,-0.211262,1.86493,-0.39399
1318,0.178398,1.87557,0.334598
1319,-0.159444,1.88639,-0.300775
1320,0.122188,1.8974,0.231839
1321,0.0248812,1.90857,0.0474876
1322,-0.151398,1.91991,-0.290671
1323,0.159891,1.93141,0.308815
1324,-0.150405,1.94306,-0.292246
1325,0.132848,1.95485,0.259699
1326,-0.0224898,1.96679,-0.0442326
1327,-0.0542896,1.97885,-0.107431
1328,-0.11862,1.99104,-0.236177
1329,0.315313,2.00334,0.631678
1330,-0.286192,2.01575,-0.576891
1331,0.128481,2.02826,0.260592
1332,0.0331983,2.04087,0.0677534
1333,-0.022225,2.05356,-0.0456404
1334,-0.0595523,2.06633,-0.123055
1335,-0.0151736,2.07917,-0.0315485
1336,0.135024,2.09207,0.28248
1337,-0.104394,2.10503,-0.219752
1338,-0.0234437,2.11804,-0.0496546
1339,0.0433379,2.13108,0.0923567
1340,0.0254041,2.14416,0.0544705
1341,-0.127707,2.15726,-0.275497
1342,0.112803,2.17038,0.244824
1343,0.0452246,2.1835,0.098748
1344,-0.0824996,2.19663,-0.181221
1345,0.0422352,2.20974,0.093329
1346,-0.0410978,2.22284,-0.0913539
1347,-0.0630655,2.23592,-0.141009
1348,0.307672,2.24896,0.691943
1349,-0.326053,2.26197,-0.737522
1350,0.0778262,2.27493,0.177049
1351,0.0140483,2.28783,0.0321402
1352,0.0906915,2.30067,0.208652
1353,-0.162861,2.31344,-0.37677
1354,0.0636819,2.32613,0.148133
1355,-0.050933,2.33874,-0.119119
1356,0.328853,2.35125,0.773217
1357,-0.458253,2.36366,-1.08316
1358,0.325201,2.37597,0.772667
1359,-0.239342,2.38815,-0.571585
1360,0.0333924,2.40022,0.080149
1361,0.376353,2.41215,0.907819
1362,-0.39415,2.42394,-0.955398
1363,0.0387368,2.4356,0.0943473
1364,0.0168741,2.44709,0.0412926
1365,0.159492,2.45843,0.3921
1366,-0.217943,2.46961,-0.538233
1367,0.11244,2.48061,0.27892
1368,0.0112015,2.49143,0.0279079
1369,-0.00983414,2.50207,-0.0246057
1370,0.068177,2.51252,0.171296
1371,-0.342428,2.52276,-0.863865
1372,0.449661,2.53281,1.1389
1373,-0.233094,2.54264,-0.592674
1374,-0.00131578,2.55225,-0.00335821
1375,-0.0164146,2.56165,-0.0420485
1376,0.321497,2.57081,0.82651
1377,-0.541054,2.57975,-1.39578
1378,0.448234,2.58844,1.16023
1379,-0.0936235,2.59689,-0.24313
1380,-0.0837423,2.60509,-0.218157
1381,-0.0484414,2.61304,-0.126579
1382,0.027303,2.62073,0.0715538
1383,0.0835086,2.62816,0.219473
1384,-0.160362,2.63531,-0.422604
1385,0.236427,2.6422,0.624686
1386,-0.327397,2.64881,-0.86721
1387,0.453717,2.65514,1.20468
1388,-0.380024,2.66118,-1.01131
1389,0.111974,2.66694,0.298629
1390,0.0149006,2.6724,0.0398203
1391,0.260016,2.67757,0.696211
1392,-0.572558,2.68245,-1.53586
1393,0.560991,2.68702,1.50739
1394,-0.538086,2.69129,-1.44815
1395,0.229438,2.69525,0.618395
1396,0.166871,2.69891,0.450371
1397,0.0207487,2.70226,0.0560684
1398,-0.0959993,2.70529,-0.259706
1399,-0.153202,2.70801,-0.414873
1400,0.232262,2.71041,0.629525
1401,-0.133287,2.71249,-0.361541
1402,0.0321116,2.71426,0.0871593
1403,-0.0517254,2.71571,-0.140471
1404,0.208472,2.71683,0.566382
1405,-0.298533,2.71764,-0.811304
1406,-0.109729,2.71812,-0.298257
1407,0.148887,2.71828,0.404717
1408,0.612957,2.71837,1.66625
1409,-0.722015,2.71864,-1.9629
1410,-0.0392806,2.7191,-0.106808
1411,0.743023,2.71973,2.02082
1412,-0.874099,2.72054,-2.37803
1413,0.33326,2.72154,0.90698
1414,0.28955,2.72271,0.788362
1415,-0.270318,2.72406,-0.736364
1416,-0.0807447,2.72559,-0.220077
1417,0.307325,2.7273,0.838167
1418,-0.37772,2.72918,-1.03087
1419,0.0766459,2.73124,0.209338
1420,0.399211,2.73347,1.09123
1421,-0.921504,2.73587,-2.52112
1422,1.114,2.73845,3.05063
1423,-0.80161,2.74119,-2.19736
1424,0.462771,2.7441,1.26989
1425,-0.188427,2.74717,-0.517642
1426,0.0690028,2.75041,0.189786
1427,-0.170623,2.75381,-0.469864
1428,0.195784,2.75737,0.53985
1429,0.163441,2.76109,0.451276
1430,-0.658957,2.76497,-1.822
1431,0.928758,2.769,2.57173
1432,-0.770031,2.77317,-2.13543
1433,0.216988,2.7775,0.602686
1434,0.235843,2.78197,0.656108
1435,-0.471238,2.78659,-1.31314
1436,0.514879,2.79134,1.4372
1437,-0.0222896,2.79623,-0.0623271
1438,-0.445346,2.80126,-1.24753
1439,0.122686,2.80642,0.344309
1440,0.351584,2.8117,0.988549
1441,-0.154475,2.81712,-0.435175
1442,-0.3271,2.82265,-0.923288
1443,0.509035,2.8283,1.4397
1444,-0.533518,2.83407,-1.51203
1445,0.411979,2.83994,1.17
1446,-0.200919,2.84593,-0.571802
1447,0.408527,2.85202,1.16513
1448,-0.761838,2.85821,-2.17749
1449,0.582781,2.8645,1.66937
1450,-0.548155,2.87088,-1.57369
1451,0.862559,2.87735,2.48188
1452,-1.01531,2.8839,-2.92805
1453,1.25839,2.89054,3.63743
1454,-0.912675,2.89726,-2.64425
1455,-0.437409,2.90404,-1.27025
1456,1.31186,2.9109,3.81869
1457,-0.899142,2.91782,-2.62354
1458,0.453309,2.92481,1.32584
1459,-0.436734,2.93185,-1.28044
1460,-0.229542,2.93894,-0.674609
1461,0.612247,2.94608,1.80373
1462,0.216488,2.95327,0.639348
1463,-1.21709,2.96049,-3.60318
1464,1.40471,2.96775,4.16885
1465,-0.401895,2.97505,-1.19566
1466,-0.296045,2.98236,-0.882915
1467,0.400573,2.9897,1.19759
1468,-0.73075,2.99706,-2.1901
1469,0.302036,3.00443,0.907448
1470,0.585087,3.01181,1.76217
1471,-1.12976,3.0192,-3.41096
1472,1.26826,3.02658,3.8385
1473,-0.607225,3.03396,-1.8423
1474,-0.0862387,3.04134,-0.262281
1475,0.0895272,3.04869,0.272941
1476,0.210264,3.05603,0.642575
1477,-0.306585,3.06335,-0.939178
1478,0.33752,3.07064,1.0364
1479,-1.03279,3.07791,-3.17882
1480,1.13594,3.08513,3.50453
1481,0.0276999,3.09232,0.085657
1482,-0.211829,3.09946,-0.656556
1483,-0.346064,3.10655,-1.07507
1484,0.186121,3.11359,0.579506
1485,-0.28709,3.12058,-0.895886
1486,0.694036,3.1275,2.1706
1487,-0.827135,3.13436,-2.59254
1488,0.967303,3.14114,3.03844
1489,-1.20107,3.14786,-3.78079
1490,1.28089,3.1545,4.04056
1491,-0.636954,3.16105,-2.01345
1492,-0.304763,3.16752,-0.965342
1493,0.333351,3.1739,1.05802
1494,0.377847,3.18019,1.20163
1495,-1.17033,3.18638,-3.72911
1496,1.78318,3.19247,5.69275
1497,-1.63972,3.19846,-5.24457
1498,1.09455,3.20433,3.5073
1499,-0.93815,3.2101,-3.01156
1500,0.91824,3.21575,2.95283
1501,-0.458445,3.22128,-1.47678
1502,-0.374118,3.22669,-1.20716
1503,0.809816,3.23198,2.61731
1504,0.0409132,3.23714,0.132442
1505,-1.25617,3.24216,-4.07272
1506,1.04103,3.24706,3.38029
1507,-0.209333,3.25181,-0.680712
1508,0.0359431,3.25643,0.117046
1509,-0.285306,3.2609,-0.930355
1510,0.00361811,3.26522,0.011814
1511,0.764563,3.2694,2.49967
1512,-0.557941,3.27343,-1.82638
1513,-0.142814,3.2773,-0.468045
1514,0.023471,3.28102,0.0770088
1515,0.295288,3.28458,0.969897
1516,-0.406343,3.28799,-1.33605
1517,0.601891,3.29123,1.98096
1518,-0.288523,3.2943,-0.95048
1519,0.113142,3.29721,0.373051
1520,-0.778609,3.29995,-2.56937
1521,1.81081,3.30253,5.98023
1522,-3.52752,3.30493,-11.6582
1523,4.4448,3.30716,14.6996
1524,-3.10121,3.30922,-10.2626
1525,1.3097,3.3111,4.33654
1526,-0.397133,3.31281,-1.31562
1527,-0.0827977,3.31433,-0.274419
1528,0.457447,3.31569,1.51675
1529,-0.327513,3.31686,-1.08631
1530,-0.297761,3.31785,-0.987927
1531,0.585195,3.31867,1.94207
1532,-0.596995,3.3193,-1.98161
1533,1.22433,3.31975,4.06448
1534,-1.95117,3.32003,-6.47795
1535,1.42496,3.32012,4.73102
1536,-0.258887,3.32003,-0.859513
1537,0.118683,3.31975,0.394
1538,-1.04818,3.3193,-3.47924
1539,1.83172,3.31867,6.07887
1540,-1.80299,3.31785,-5.98206
1541,1.42295,3.31686,4.71972
1542,-1.32799,3.31569,-4.40319
1543,0.693837,3.31433,2.29961
1544,-0.105052,3.31281,-0.348016
1545,0.248401,3.3111,0.822479
1546,-0.0802006,3.30922,-0.265401
1547,0.145158,3.30716,0.480059
1548,-0.107022,3.30493,-0.353699
1549,-0.325284,3.30253,-1.07426
1550,1.03426,3.29995,3.41302
1551,-1.91334,3.29721,-6.30869
1552,1.66503,3.2943,5.48512
1553,-0.999972,3.29123,-3.29113
1554,1.54836,3.28799,5.09098
1555,-2.68819,3.28458,-8.8296
1556,1.24334,3.28102,4.07941
1557,1.96329,3.2773,6.43431
1558,-2.56102,3.27343,-8.38334
1559,2.50335,3.2694,8.18447
1560,-1.79574,3.26522,-5.8635
1561,-1.75436,3.2609,-5.7208
1562,3.41027,3.25643,11.1053
1563,-2.05413,3.25181,-6.67963
1564,1.4803,3.24706,4.80661
1565,-2.02703,3.24216,-6.57197
1566,1.44673,3.23714,4.68328
1567,-0.940173,3.23198,-3.03862
1568,2.22814,3.22669,7.18954
1569,-1.3079,3.22128,-4.21312
1570,-2.70874,3.21575,-8.71065
1571,3.41882,3.2101,10.9748
1572,0.0320971,3.20433,0.10285
1573,-0.772425,3.19846,-2.47057
1574,-2.84381,3.19247,-9.07878
1575,4.00546,3.18638,12.7629
1576,0.441822,3.18019,1.40508
1577,-3.05897,3.1739,-9.70886
1578,0.646791,3.16752,2.04873
1579,1.79594,3.16105,5.67706
1580,-2.03694,3.1545,-6.42552
1581,1.31624,3.14786,4.14335
1582,0.474124,3.14114,1.48929
1583,-2.62968,3.13436,-8.24237
1584,1.74771,3.1275,5.46597
1585,0.43122,3.12058,1.34565
1586,-1.194,3.11359,-3.71763
1587,0.928633,3.10655,2.88485
1588,-1.89339,3.09946,-5.86848
1589,4.75763,3.09232,14.7121
1590,-5.28555,3.08513,-16.3066
1591,2.90359,3.07791,8.93698
1592,-1.22207,3.07064,-3.75255
1593,1.58788,3.06335,4.86424
1594,-2.62104,3.05603,-8.00998
1595,2.39761,3.04869,7.30959
1596,-0.476368,3.04134,-1.4488
1597,-0.155596,3.03396,-0.472074
1598,-2.557,3.02658,-7.73897
1599,4.15434,3.0192,12.5428
1600,-1.6928,3.01181,-5.09841
1601,-0.852531,3.00443,-2.56137
1602,1.65538,2.99706,4.96129
1603,-2.0543,2.9897,-6.14176
1604,2.15318,2.98236,6.42157
1605,-2.37797,2.97505,-7.07457
1606,1.84049,2.96775,5.46211
1607,0.0610303,2.96049,0.18068
1608,-0.47168,2.95327,-1.393
1609,-0.892323,2.94608,-2.62886
1610,1.73125,2.93894,5.08805
1611,-1.32555,2.93185,-3.88632
1612,-0.282339,2.92481,-0.825786
1613,1.56638,2.91782,4.57041
1614,-0.61345,2.9109,-1.78569
1615,-1.2205,2.90404,-3.54438
1616,1.35676,2.89726,3.93088
1617,-0.813592,2.89054,-2.35172
1618,1.39136,2.8839,4.01256
1619,-1.67767,2.87735,-4.82725
1620,0.734332,2.87088,2.10818
1621,-0.155074,2.8645,-0.44421
1622,-0.403049,2.85821,-1.152
1623,0.990891,2.85202,2.82604
1624,-1.01159,2.84593,-2.8789
1625,0.798335,2.83994,2.26723
1626,-0.372457,2.83407,-1.05557
1627,0.83284,2.8283,2.35552
1628,-0.890239,2.82265,-2.51283
1629,-0.495366,2.81712,-1.3955
1630,1.9668,2.8117,5.53005
1631,-3.00665,2.80642,-8.43791
1632,1.97866,2.80126,5.54274
1633,0.208952,2.79623,0.584278
1634,0.293926,2.79134,0.820449
1635,-1.99177,2.78659,-5.55025
1636,1.35085,2.78197,3.75802
1637,0.793441,2.7775,2.20378
1638,-1.82674,2.77317,-5.06587
1639,0.861443,2.769,2.38533
1640,-0.776596,2.76497,-2.14726
1641,1.14983,2.76109,3.17478
1642,0.093886,2.75737,0.258879
1643,-0.43243,2.75381,-1.19083
1644,0.385958,2.75041,1.06154
1645,-0.476928,2.74717,-1.3102
1646,-0.479847,2.7441,-1.31675
1647,1.65966,2.74119,4.54945
1648,-2.06429,2.73845,-5.65295
1649,1.38635,2.73587,3.79286
1650,-1.04534,2.73347,-2.85742
1651,1.99366,2.73124,5.44516
1652,-3.49353,2.72918,-9.53449
1653,4.34302,2.7273,11.8447
1654,-4.33243,2.72559,-11.8084
1655,3.74353,2.72406,10.1976
1656,-2.75288,2.72271,-7.49529
1657,0.843805,2.72154,2.29645
1658,0.876411,2.72054,2.38432
1659,-0.844578,2.71973,-2.29702
1660,0.770606,2.7191,2.09535
1661,-0.723373,2.71864,-1.96659
1662,-0.75163,2.71837,-2.04321
1663,2.63525,2.71828,7.16335
1664,-3.34334,2.7187,-9.08953
1665,2.71265,2.71994,7.37825
1666,-0.254301,2.72202,-0.692211
1667,-1.62878,2.72492,-4.43829
1668,0.770408,2.72864,2.10217
1669,-0.12516,2.73319,-0.342087
1670,0.327165,2.73857,0.895962
1671,-0.917892,2.74476,-2.51939
1672,0.859173,2.75176,2.36424
1673,1.77186,2.75957,4.88959
1674,-3.73793,2.76819,-10.3473
1675,3.46,2.77761,9.61053
1676,-2.85844,2.78782,-7.96882
1677,1.31014,2.79882,3.66684
1678,0.00604429,2.81061,0.0169881
1679,0.458162,2.82316,1.29347
1680,-0.736031,2.83649,-2.08774
1681,-1.0093,2.85057,-2.87708
1682,4.28138,2.8654,12.2679
1683,-5.82175,2.88097,-16.7723
1684,3.60725,2.89728,10.4512
1685,0.0309558,2.91431,0.0902148
1686,-2.13104,2.93205,-6.24831
1687,1.9467,2.95049,5.74372
1688,-0.290402,2.96962,-0.862384
1689,-2.05472,2.98943,-6.14243
1690,3.29459,3.00991,9.9164
1691,-0.853474,3.03104,-2.58691
1692,-3.56905,3.05281,-10.8956
1693,6.1016,3.07521,18.7637
1694,-6.48718,3.09822,-20.0987
1695,4.81331,3.12184,15.0264
1696,-2.05736,3.14604,-6.47253
1697,-0.148289,3.17082,-0.470197
1698,1.98044,3.19615,6.32979
1699,-1.81293,3.22203,-5.8413
1700,0.0852612,3.24843,0.276965
1701,0.988884,3.27534,3.23893
1702,-1.85681,3.30275,-6.13257
1703,2.42954,3.33063,8.0919
1704,-0.688392,3.35898,-2.31229
1705,-2.38604,3.38777,-8.08335
1706,3.87518,3.41698,13.2414
1707,-2.72147,3.44661,-9.37984
1708,-0.847923,3.47663,-2.94791
1709,3.59968,3.50702,12.6241
1710,-3.56424,3.53776,-12.6094
1711,2.24223,3.56884,8.00215
1712,-0.298855,3.60024,-1.07595
1713,-1.98628,3.63194,-7.21404
1714,3.38134,3.66391,12.3889
1715,-2.98802,3.69615,-11.0442
1716,1.35823,3.72863,5.06432
1717,0.317533,3.76133,1.19435
1718,-2.27717,3.79423,-8.64011
1719,3.92898,3.82731,15.0374
1720,-2.81083,3.86056,-10.8514
1721,0.265793,3.89394,1.03498
1722,-0.00289554,3.92745,-0.0113721
1723,2.21866,3.96106,8.78824
1724,-3.1321,3.99475,-12.512
1725,0.839827,4.02851,3.38325
1726,0.310105,4.0623,1.25974
1727,0.248518,4.09611,1.01796
1728,1.01281,4.12993,4.18285
1729,-2.22043,4.16372,-9.24527
1730,1.53122,4.19747,6.42725
1731,-0.555755,4.23117,-2.35149
1732,-1.28681,4.26478,-5.48794
1733,2.95344,4.29828,12.6947
1734,-1.64216,4.33167,-7.11328
1735,-0.29144,4.36492,-1.27211
1736,0.657833,4.398,2.89315
1737,-1.22933,4.4309,-5.44702
1738,2.93011,4.4636,13.0788
1739,-2.149,4.49608,-9.66205
1740,-0.222591,4.52832,-1.00796
1741,-0.931992,4.56029,-4.25016
1742,2.61564,4.59199,12.011
1743,-1.96379,4.62339,-9.07936
1744,1.42148,4.65447,6.61625
1745,-3.28421,4.68521,-15.3872
1746,5.02264,4.7156,23.6848
1747,-1.51551,4.74562,-7.19204
1748,-2.28553,4.77525,-10.914
1749,1.39277,4.80446,6.69152
1750,-0.134664,4.83325,-0.650865
1751,-0.787189,4.8616,-3.827
1752,1.60326,4.88948,7.83911
1753,-0.0637924,4.91689,-0.31366
1754,-2.16528,4.9438,-10.7047
1755,2.85227,4.9702,14.1764
1756,-2.67736,4.99608,-13.3763
1757,2.45049,5.02141,12.3049
1758,-1.9673,5.04619,-9.92737
1759,0.919046,5.07039,4.65992
1760,0.985363,5.09401,5.01944
1761,-2.11373,5.11702,-10.816
1762,1.48679,5.13942,7.64123
1763,-0.309114,5.16119,-1.5954
1764,-0.374214,5.18232,-1.9393
1765,-0.213438,5.2028,-1.11047
1766,0.69568,5.22261,3.63326
1767,-0.0199255,5.24174,-0.104444
1768,-1.00141,5.26018,-5.26758
1769,2.55358,5.27792,13.4776
1770,-3.89779,5.29495,-20.6386
1771,3.46326,5.31125,18.3943
1772,-2.76045,5.32683,-14.7044
1773,2.76909,5.34166,14.7916
1774,-3.10388,5.35574,-16.6236
1775,3.31988,5.36907,17.8246
1776,-3.5877,5.38162,-19.3077
1777,4.57682,5.3934,24.6846
1778,-2.87336,5.40441,-15.5288
1779,-0.402034,5.41462,-2.17686
1780,-0.112324,5.42404,-0.60925
1781,1.53289,5.43266,8.32768
1782,-2.04675,5.44047,-11.1353
1783,4.68142,5.44747,25.5019
1784,-7.36456,5.45366,-40.1638
1785,6.39058,5.45903,34.8864
1786,-1.78104,5.46359,-9.73084
1787,-0.470119,5.46731,-2.57029
1788,-1.56798,5.47021,-8.57718
1789,2.06858,5.47229,11.3199
1790,-1.76096,5.47353,-9.63865
1791,1.59364,5.47395,8.72348
1792,1.09613,5.47403,6.00024
1793,-3.47434,5.47429,-19.0196
1794,1.70316,5.47473,9.32434
1795,1.21372,5.47533,6.64552
1796,-0.845984,5.47611,-4.63271
1797,-0.53509,5.47706,-2.93072
1798,1.01357,5.47819,5.55255
1799,-0.541887,5.47948,-2.96926
1800,-0.61861,5.48094,-3.39056
1801,-2.44256,5.48257,-13.3915
1802,8.31401,5.48437,45.5971
1803,-8.62257,5.48634,-47.3064
1804,4.57045,5.48848,25.0848
1805,-2.5083,5.49077,-13.7725
1806,3.31996,5.49324,18.2373
1807,-3.14873,5.49586,-17.305
1808,1.24621,5.49864,6.85245
1809,-0.677759,5.50158,-3.72875
1810,1.49231,5.50468,8.21468
1811,-1.26405,5.50794,-6.96231
1812,-1.42101,5.51134,-7.83168
1813,2.6216,5.5149,14.4579
1814,-1.54789,5.51861,-8.54219
1815,0.982768,5.52246,5.4273
1816,-0.0977782,5.52646,-0.540367
1817,-1.42643,5.53059,-7.88902
1818,3.43366,5.53487,19.0049
1819,-2.33596,5.53929,-12.9396
1820,-1.02121,5.54383,-5.66139
1821,0.506347,5.54851,2.80947
1822,2.91966,5.55332,16.2138
1823,-3.75431,5.55826,-20.8674
1824,0.16279,5.56331,0.905653
1825,2.03191,5.56849,11.3147
1826,-1.20164,5.57378,-6.69769
1827,1.05173,5.57919,5.86777
1828,-0.523296,5.5847,-2.92245
1829,-0.450737,5.59033,-2.51977
1830,1.10794,5.59605,6.20009
1831,-0.996294,5.60188,-5.58112
1832,0.725416,5.6078,4.06799
1833,-1.79887,5.61381,-10.0985
1834,4.34317,5.61992,24.4082
1835,-7.69625,5.62611,-43.2999
1836,6.73494,5.63238,37.9337
1837,-3.22619,5.63873,-18.1916
1838,3.08466,5.64515,17.4133
1839,-4.24824,5.65164,-24.0095
1840,3.42051,5.6582,19.3539
1841,-1.23331,5.66482,-6.98648
1842,0.292423,5.6715,1.65848
1843,-0.899649,5.67824,-5.10842
1844,1.77007,5.68502,10.0629
1845,-1.62489,5.69186,-9.24863
1846,0.888101,5.69873,5.06105
1847,-1.14523,5.70564,-6.53426
1848,1.19235,5.71259,6.8114
1849,-1.12057,5.71956,-6.40915
1850,5.32705,5.72656,30.5057
1851,-8.35856,5.73358,-47.9245
1852,5.33307,5.74062,30.6151
1853,-3.17785,5.74767,-18.2652
1854,2.88942,5.75473,16.6278
1855,-3.21811,5.7618,-18.5421
1856,5.27138,5.76886,30.4098
1857,-7.35986,5.77592,-42.51
1858,6.22498,5.78297,35.9989
1859,-6.10942,5.79001,-35.3736
1860,8.30628,5.79703,48.1518
1861,-5.74008,5.80403,-33.3156
1862,2.36735,5.81101,13.7567
1863,0.649058,5.81795,3.77619
1864,-5.60347,5.82487,-32.6394
1865,5.41409,5.83174,31.5735
1866,1.11638,5.83857,6.51808
1867,-5.17761,5.84536,-30.265
1868,3.02711,5.85209,17.7149
1869,-1.13588,5.85877,-6.65486
1870,1.387,5.86539,8.13532
1871,1.27513,5.87195,7.48753
1872,-5.29722,5.87845,-31.1394
1873,6.13904,5.88487,36.1275
1874,-5.80174,5.89122,-34.1793
1875,5.72786,5.89749,33.78
1876,-5.5864,5.90368,-32.9803
1877,3.27877,5.90978,19.3768
1878,-0.275011,5.9158,-1.62691
1879,1.51482,5.92172,8.97036
1880,-3.3676,5.92754,-19.9616
1881,5.51777,5.93327,32.7384
1882,-7.23478,5.93889,-42.9666
1883,5.21114,5.94441,30.9771
1884,-1.93949,5.94981,-11.5396
1885,-0.336231,5.95511,-2.00229
1886,0.323047,5.96028,1.92545
1887,0.851811,5.96534,5.08134
1888,-1.44881,5.97027,-8.6498
1889,2.89266,5.97508,17.2839
1890,-6.20614,5.97976,-37.1112
1891,4.48703,5.98431,26.8518
1892,2.06423,5.98872,12.3621
1893,-1.19232,5.993,-7.14558
1894,-4.02761,5.99714,-24.1541
1895,4.338,6.00114,26.0329
1896,-5.17173,6.00499,-31.0562
1897,6.9188,6.00869,41.573
1898,-3.51959,6.01225,-21.1607
1899,-3.47498,6.01566,-20.9043
1900,6.89412,6.01891,41.4951
1901,-5.61728,6.02201,-33.8273
1902,5.24133,6.02495,31.5788
1903,-4.12123,6.02774,-24.8417
1904,3.68365,6.03036,22.2137
1905,-9.11141,6.03282,-54.9675
1906,16.0308,6.03512,96.7478
1907,-17.1537,6.03725,-103.561
1908,11.9597,6.03922,72.2274
1909,-6.39689,6.04102,-38.6438
1910,5.04609,6.04265,30.4918
1911,-3.5069,6.04412,-21.1961
1912,-0.33714,6.04541,-2.03815
1913,3.83696,6.04653,23.2003
1914,-4.05881,6.04748,-24.5456
1915,-1.65406,6.04826,-10.0042
1916,5.76274,6.04887,34.858
1917,-4.86889,6.0493,-29.4534
1918,4.65226,6.04956,28.1442
1919,-2.66092,6.04965,-16.0977
1920,-4.4665,6.04935,-27.0194
1921,6.42633,6.04845,38.8693
1922,6.06648,6.04695,36.6837
1923,-17.2546,6.04485,-104.302
1924,12.1879,6.04215,73.6413
1925,-3.55657,6.03885,-21.4776
1926,0.941842,6.03497,5.68398
1927,-0.742248,6.03049,-4.47612
1928,0.488229,6.02542,2.94178
1929,-0.267984,6.01976,-1.6132
1930,-2.5824,6.01352,-15.5293
1931,7.20504,6.00671,43.2786
1932,-7.18715,5.99932,-43.118
1933,3.28982,5.99135,19.7105
1934,-3.46527,5.98283,-20.7321
1935,7.62075,5.97374,45.5244
1936,-5.06885,5.9641,-30.2311
1937,3.6459,5.9539,21.7073
1938,-8.23374,5.94317,-48.9345
1939,6.55294,5.9319,38.8714
1940,-0.0806547,5.9201,-0.477484
1941,-3.78718,5.90777,-22.3738
1942,3.10112,5.89493,18.2809
1943,0.877381,5.88158,5.16039
1944,-4.32378,5.86774,-25.3708
1945,2.01926,5.8534,11.8195
1946,10.7887,5.83858,62.9908
1947,-25.8024,5.82329,-150.255
1948,24.3513,5.80753,141.421
1949,-14.2358,5.79132,-82.4442
1950,9.37483,5.77466,54.1365
1951,-3.14034,5.75757,-18.0807
1952,-2.5605,5.74005,-14.6974
1953,4.223,5.72212,24.1645
1954,-3.70065,5.70378,-21.1077
1955,-0.0823166,5.68506,-0.467975
1956,5.62797,5.66595,31.8878
1957,-7.58207,5.64647,-42.8119
1958,0.268869,5.62663,1.51283
1959,6.24389,5.60645,35.0061
1960,-2.19047,5.58594,-12.2358
1961,-0.730174,5.5651,-4.06349
1962,-2.89784,5.54395,-16.0655
1963,6.71283,5.52251,37.0717
1964,-6.09016,5.50079,-33.5007
1965,3.76854,5.47879,20.647
1966,-4.24741,5.45654,-23.1761
1967,5.03344,5.43404,27.352
1968,-3.51257,5.41132,-19.0076
1969,-0.112581,5.38838,-0.606629
1970,2.14234,5.36523,11.4942
1971,-4.88955,5.3419,-26.1195
1972,10.1746,5.3184,54.1127
1973,-7.29252,5.29473,-38.6119
1974,-1.95469,5.27092,-10.303
1975,7.70631,5.24697,40.4348
1976,-4.21398,5.22291,-22.0092
1977,-15.5083,5.19875,-80.6236
1978,27.55,5.17449,142.557
1979,-16.7559,5.15017,-86.2955
1980,8.20235,5.12578,42.0435
1981,-6.33327,5.10136,-32.3083
1982,-0.0829023,5.0769,-0.420887
1983,6.94099,5.05242,35.0688
1984,-7.91654,5.02795,-39.804
1985,7.2339,5.00349,36.1948
1986,-6.79009,4.97906,-33.8083
1987,5.95763,4.95468,29.5181
1988,-7.1656,4.93035,-35.3289
1989,6.34107,4.9061,31.11
1990,-3.94069,4.88194,-19.2382
1991,9.42281,4.85788,45.7748
1992,-17.3795,4.83393,-84.0113
1993,10.1779,4.81012,48.9571
1994,4.05485,4.78645,19.4083
1995,-6.43943,4.76294,-30.6706
1996,-0.121086,4.73961,-0.5739
1997,14.2053,4.71647,66.9987
1998,-23.7774,4.69353,-111.6
1999,14.9884,4.6708,70.0078
2000,-9.41342,4.64831,-43.7565
2001,10.2671,4.62606,47.4963
2002,-5.21649,4.60406,-24.017
2003,6.56525,4.58234,30.0842
2004,-11.9605,4.56089,-54.5506
2005,-7.19194,4.53975,-32.6496
2006,24.8999,4.51891,112.52
2007,-8.46895,4.4984,-38.0967
2008,-3.55412,4.47821,-15.9161
2009,0.119543,4.45838,0.532966
2010,4.48571,4.4389,19.9116
2011,-8.58257,4.41979,-37.9332
2012,8.01509,4.40106,35.2749
2013,-3.46684,4.38273,-15.1942
2014,-3.05634,4.3648,-13.3403
2015,7.79659,4.34728,33.894
2016,-7.73955,4.33019,-33.5137
2017,2.01325,4.31353,8.68421
2018,12.1927,4.29732,52.396
2019,-41.9402,4.28156,-179.57
2020,52.9484,4.26627,225.892
2021,-27.9308,4.25145,-118.746
2022,13.5687,4.23711,57.4919
2023,-26.9222,4.22326,-113.7
2024,43.5684,4.20992,183.419
2025,-32.0005,4.19708,-134.309
2026,9.48078,4.18475,39.6747
2027,-3.11275,4.17295,-12.9894
2028,4.3286,4.16168,18.0143
2029,-11.092,4.15094,-46.0424
2030,11.6436,4.14075,48.2132
2031,-3.64408,4.13111,-15.0541
2032,4.77891,4.12202,19.6988
2033,-26.8723,4.11349,-110.539
2034,42.1019,4.10553,172.851
2035,-40.0014,4.09814,-163.931
2036,44.1256,4.09132,180.532
2037,-33.2663,4.08509,-135.896
2038,13.0667,4.07943,53.3047
2039,-6.0566,4.07436,-24.6768
2040,4.12594,4.06988,16.7921
2041,-1.72671,4.06599,-7.02078
2042,12.1359,4.0627,49.3046
2043,-37.991,4.06,-154.243
2044,7.7327,4.0579,31.3785
2045,81.7199,4.0564,331.489
2046,-93.5324,4.0555,-379.321
2047,27.7092,0,0
